[
{
"distance": 1151.92,
"grip": [
0,
0.3323558162,
0,
0.339198436
],
"id": 15532,
"pose": [
[
0,
0,
0
],
[
0,
0,
0
],
[
0,
0,
0
],
[
0,
0,
0
],
[
0,
0,
0
],
[
0,
0,
0
],
[
0,
0,
0
],
[
0,
0,
0
],
[
0.42065694444444446,
0.2145875,
0.788983
],
[
0.46843055555555557,
0.5235097222222223,
0.877684
],
[
0.49212916666666673,
0.7302444444444444,
0.827627
],
[
0.6030263888888888,
0.15953333333333333,
0.823084
],
[
0.6746694444444444,
0.46819583333333337,
0.846374
],
[
0.7302555555555555,
0.7219861111111112,
0.881728
],
[
0,
0,
0
],
[
0,
0,
0
],
[
0,
0,
0
],
[
0,
0,
0
]
],
"timestamp": "Wed, 14 Mar 2018 09:59:53 GMT"
},
{
"distance": 10995.6,
"grip": [
0,
0,
0,
0
],
"id": 15533,
"pose": [
[
0,
0,
0
],
[
0,
0,
0
],
[
0,
0,
0
],
[
0,
0,
0
],
[
0,
0,
0
],
[
0,
0,
0
],
[
0,
0,
0
],
[
0,
0,
0
],
[
0.4132416666666667,
0.2144541666666667,
0.784187
],
[
0.4683388888888889,
0.5235944444444445,
0.884283
],
[
0.4920666666666667,
0.7302402777777779,
0.824702
],
[
0.6031694444444444,
0.16708333333333333,
0.820837
],
[
0.6664875,
0.47656111111111116,
0.901282
],
[
0.7140472222222223,
0.7379111111111112,
0.848701
],
[
0,
0,
0
],
[
0,
0,
0
],
[
0,
0,
0
],
[
0,
0,
0
]
],
"timestamp": "Wed, 14 Mar 2018 09:59:55 GMT"
},
{
"distance": 0,
"grip": [
0,
0,
0,
0
],
"id": 15534,
"pose": [
[
0,
0,
0
],
[
0,
0,
0
],
[
0,
0,
0
],
[
0,
0,
0
],
[
0,
0,
0
],
[
0,
0,
0
],
[
0,
0,
0
],
[
0,
0,
0
],
[
0.4132222222222222,
0.20682083333333334,
0.774428
],
[
0.4680902777777778,
0.5078458333333333,
0.859459
],
[
0.4921055555555555,
0.7455777777777779,
0.797876
],
[
0.6031472222222223,
0.16716805555555556,
0.815783
],
[
0.6585513888888889,
0.4841569444444445,
0.890116
],
[
0.6746,
0.75365,
0.81396
],
[
0,
0,
0
],
[
0,
0,
0
],
[
0,
0,
0
],
[
0,
0,
0
]
],
"timestamp": "Wed, 14 Mar 2018 09:59:55 GMT"
},
{
"distance": 0,
"grip": [
0,
0,
0,
0
],
"id": 15535,
"pose": [
[
0,
0,
0
],
[
0,
0,
0
],
[
0,
0,
0
],
[
0,
0,
0
],
[
0,
0,
0
],
[
0,
0,
0
],
[
0,
0,
0
],
[
0,
0,
0
],
[
0.41308333333333336,
0.19095555555555557,
0.734816
],
[
0.46804027777777774,
0.49199444444444446,
0.874092
],
[
0.4844513888888889,
0.7217902777777777,
0.838011
],
[
0.6031902777777778,
0.1593375,
0.801316
],
[
0.6507125,
0.507788888888889,
0.794546
],
[
0.6583125000000001,
0.7536291666666668,
0.787315
],
[
0,
0,
0
],
[
0,
0,
0
],
[
0,
0,
0
],
[
0,
0,
0
]
],
"timestamp": "Wed, 14 Mar 2018 09:59:55 GMT"
},
{
"distance": 0,
"grip": [
0,
0,
0,
0
],
"id": 15536,
"pose": [
[
0,
0,
0
],
[
0,
0,
0
],
[
0,
0,
0
],
[
0,
0,
0
],
[
0,
0,
0
],
[
0,
0,
0
],
[
0,
0,
0
],
[
0,
0,
0
],
[
0.41317916666666665,
0.19082777777777776,
0.733442
],
[
0.4678625,
0.48425555555555555,
0.848082
],
[
0.48402638888888894,
0.6822763888888889,
0.825155
],
[
0.6033486111111112,
0.15948055555555554,
0.785704
],
[
0.6269416666666667,
0.5159597222222222,
0.747739
],
[
0.618825,
0.7536236111111112,
0.76517
],
[
0,
0,
0
],
[
0,
0,
0
],
[
0,
0,
0
],
[
0,
0,
0
]
],
"timestamp": "Wed, 14 Mar 2018 09:59:55 GMT"
},
{
"distance": 837.76,
"grip": [
0,
0,
0,
0
],
"id": 15537,
"pose": [
[
0,
0,
0
],
[
0,
0,
0
],
[
0,
0,
0
],
[
0,
0,
0
],
[
0,
0,
0
],
[
0,
0,
0
],
[
0,
0,
0
],
[
0,
0,
0
],
[
0.42065972222222225,
0.20680555555555558,
0.754876
],
[
0.46044722222222223,
0.49220694444444446,
0.809057
],
[
0.48413055555555556,
0.6982194444444445,
0.801239
],
[
0.6034527777777778,
0.19099583333333334,
0.755629
],
[
0.6110500000000001,
0.5396583333333334,
0.840394
],
[
0.5953472222222222,
0.7856180555555555,
0.856567
],
[
0,
0,
0
],
[
0,
0,
0
],
[
0,
0,
0
],
[
0,
0,
0
]
],
"timestamp": "Wed, 14 Mar 2018 09:59:55 GMT"
},
{
"distance": 0,
"grip": [
0,
0,
0,
0
],
"id": 15538,
"pose": [
[
0,
0,
0
],
[
0,
0,
0
],
[
0,
0,
0
],
[
0,
0,
0
],
[
0,
0,
0
],
[
0,
0,
0
],
[
0,
0,
0
],
[
0,
0,
0
],
[
0.42064722222222223,
0.20678055555555558,
0.74082
],
[
0.4600375,
0.4922,
0.789946
],
[
0.47663611111111115,
0.6981194444444445,
0.807608
],
[
0.603475,
0.19884027777777777,
0.744534
],
[
0.6028013888888889,
0.5397875,
0.840911
],
[
0.5946902777777778,
0.7852847222222222,
0.814714
],
[
0,
0,
0
],
[
0,
0,
0
],
[
0,
0,
0
],
[
0,
0,
0
]
],
"timestamp": "Wed, 14 Mar 2018 09:59:55 GMT"
},
{
"distance": 0,
"grip": [
0,
0,
0,
0
],
"id": 15539,
"pose": [
[
0,
0,
0
],
[
0,
0,
0
],
[
0,
0,
0
],
[
0,
0,
0
],
[
0,
0,
0
],
[
0,
0,
0
],
[
0,
0,
0
],
[
0,
0,
0
],
[
0.43664305555555555,
0.2145,
0.472884
],
[
0.4207847222222222,
0.4765944444444445,
0.506405
],
[
0.5080111111111111,
0.7218791666666667,
0.622033
],
[
0.6029027777777778,
0.21443333333333334,
0.530961
],
[
0.6029083333333334,
0.5237138888888889,
0.516708
],
[
0.5555652777777778,
0.777375,
0.679428
],
[
0,
0,
0
],
[
0,
0,
0
],
[
0,
0,
0
],
[
0,
0,
0
]
],
"timestamp": "Wed, 14 Mar 2018 09:59:55 GMT"
},
{
"distance": 104.72,
"grip": [
0.0606060606,
0,
0.0488758553,
0
],
"id": 15540,
"pose": [
[
0,
0,
0
],
[
0,
0,
0
],
[
0,
0,
0
],
[
0,
0,
0
],
[
0,
0,
0
],
[
0,
0,
0
],
[
0,
0,
0
],
[
0,
0,
0
],
[
0.4522777777777778,
0.21462083333333332,
0.723102
],
[
0.41324027777777783,
0.531575,
0.89099
],
[
0.4998763888888889,
0.7140416666666667,
0.765048
],
[
0.6190625000000001,
0.2227736111111111,
0.734462
],
[
0.6030388888888889,
0.555651388888889,
0.852309
],
[
0.5712125,
0.7850097222222222,
0.749208
],
[
0,
0,
0
],
[
0,
0,
0
],
[
0,
0,
0
],
[
0,
0,
0
]
],
"timestamp": "Wed, 14 Mar 2018 09:59:55 GMT"
},
{
"distance": 0,
"grip": [
0.0615835777,
0,
0.119257087,
0
],
"id": 15541,
"pose": [
[
0,
0,
0
],
[
0,
0,
0
],
[
0,
0,
0
],
[
0,
0,
0
],
[
0,
0,
0
],
[
0,
0,
0
],
[
0,
0,
0
],
[
0,
0,
0
],
[
0.4602736111111111,
0.21477500000000002,
0.74844
],
[
0.41253055555555557,
0.5318513888888889,
0.890764
],
[
0.4921319444444444,
0.6980277777777778,
0.635896
],
[
0.642701388888889,
0.23043194444444445,
0.724476
],
[
0.6031319444444445,
0.5714041666666667,
0.834999
],
[
0.555575,
0.7771194444444444,
0.717043
],
[
0,
0,
0
],
[
0,
0,
0
],
[
0,
0,
0
],
[
0,
0,
0
]
],
"timestamp": "Wed, 14 Mar 2018 09:59:55 GMT"
},
{
"distance": 0,
"grip": [
0.0566959922,
0,
0.2580645161,
0
],
"id": 15542,
"pose": [
[
0,
0,
0
],
[
0,
0,
0
],
[
0,
0,
0
],
[
0,
0,
0
],
[
0,
0,
0
],
[
0,
0,
0
],
[
0,
0,
0
],
[
0,
0,
0
],
[
0.4604972222222222,
0.21489583333333334,
0.755927
],
[
0.4049291666666667,
0.5317361111111112,
0.871936
],
[
0.48413333333333336,
0.6665958333333334,
0.679017
],
[
0.6426611111111111,
0.23073333333333332,
0.714539
],
[
0.60325,
0.5633680555555556,
0.817149
],
[
0.5555819444444444,
0.7379638888888889,
0.720327
],
[
0,
0,
0
],
[
0,
0,
0
],
[
0,
0,
0
],
[
0,
0,
0
]
],
"timestamp": "Wed, 14 Mar 2018 09:59:55 GMT"
},
{
"distance": 523.6,
"grip": [
0.0625610948,
0,
0.3206256109,
0
],
"id": 15543,
"pose": [
[
0,
0,
0
],
[
0,
0,
0
],
[
0,
0,
0
],
[
0,
0,
0
],
[
0,
0,
0
],
[
0,
0,
0
],
[
0,
0,
0
],
[
0,
0,
0
],
[
0.4681263888888889,
0.2225555555555556,
0.783131
],
[
0.40506666666666674,
0.5474527777777778,
0.864358
],
[
0.48422916666666665,
0.6903402777777778,
0.605762
],
[
0.6506000000000001,
0.23848611111111112,
0.740282
],
[
0.6032652777777778,
0.5712986111111111,
0.810872
],
[
0.5399819444444445,
0.7299097222222222,
0.706557
],
[
0,
0,
0
],
[
0,
0,
0
],
[
0,
0,
0
],
[
0,
0,
0
]
],
"timestamp": "Wed, 14 Mar 2018 09:59:55 GMT"
},
{
"distance": 0,
"grip": [
0.0752688172,
0,
0.3714565005,
0
],
"id": 15544,
"pose": [
[
0,
0,
0
],
[
0,
0,
0
],
[
0,
0,
0
],
[
0,
0,
0
],
[
0,
0,
0
],
[
0,
0,
0
],
[
0,
0,
0
],
[
0,
0,
0
],
[
0.4760125,
0.21489444444444444,
0.783915
],
[
0.4127902777777778,
0.5396375,
0.891888
],
[
0.49210972222222227,
0.7377013888888889,
0.598221
],
[
0.6583930555555556,
0.2307597222222222,
0.764948
],
[
0.6029736111111111,
0.5712111111111111,
0.83792
],
[
0.5394625000000001,
0.7299013888888889,
0.624683
],
[
0,
0,
0
],
[
0,
0,
0
],
[
0,
0,
0
],
[
0,
0,
0
]
],
"timestamp": "Wed, 14 Mar 2018 09:59:55 GMT"
},
{
"distance": 0,
"grip": [
0.0948191593,
0,
0.3655913978,
0
],
"id": 15545,
"pose": [
[
0,
0,
0
],
[
0,
0,
0
],
[
0,
0,
0
],
[
0,
0,
0
],
[
0,
0,
0
],
[
0,
0,
0
],
[
0,
0,
0
],
[
0,
0,
0
],
[
0.4762416666666667,
0.21472916666666667,
0.776927
],
[
0.42097638888888894,
0.5396847222222222,
0.834789
],
[
0.4685027777777778,
0.7855083333333334,
0.720232
],
[
0.6583652777777779,
0.23054444444444444,
0.781756
],
[
0.6028388888888889,
0.5474694444444445,
0.861992
],
[
0.5397361111111112,
0.6982888888888888,
0.700963
],
[
0,
0,
0
],
[
0,
0,
0
],
[
0,
0,
0
],
[
0,
0,
0
]
],
"timestamp": "Wed, 14 Mar 2018 09:59:55 GMT"
},
{
"distance": 733.04,
"grip": [
0.1065493646,
0,
0.3382209189,
0
],
"id": 15546,
"pose": [
[
0,
0,
0
],
[
0,
0,
0
],
[
0,
0,
0
],
[
0,
0,
0
],
[
0,
0,
0
],
[
0,
0,
0
],
[
0,
0,
0
],
[
0,
0,
0
],
[
0.48402361111111114,
0.21491805555555557,
0.745133
],
[
0.4679833333333333,
0.5476347222222223,
0.815457
],
[
0.47606944444444443,
0.8330069444444445,
0.721208
],
[
0.6584736111111111,
0.23835,
0.763494
],
[
0.5952166666666666,
0.5396833333333334,
0.820039
],
[
0.5397305555555556,
0.7140152777777778,
0.779243
],
[
0,
0,
0
],
[
0,
0,
0
],
[
0,
0,
0
],
[
0,
0,
0
]
],
"timestamp": "Wed, 14 Mar 2018 09:59:55 GMT"
},
{
"distance": 0,
"grip": [
0.0948191593,
0,
0.2521994135,
0
],
"id": 15547,
"pose": [
[
0,
0,
0
],
[
0,
0,
0
],
[
0,
0,
0
],
[
0,
0,
0
],
[
0,
0,
0
],
[
0,
0,
0
],
[
0,
0,
0
],
[
0,
0,
0
],
[
0.4920486111111111,
0.22254305555555556,
0.719029
],
[
0.4763277777777778,
0.5712652777777778,
0.826802
],
[
0.46848472222222226,
0.8489208333333333,
0.784839
],
[
0.6660625,
0.23841944444444446,
0.754825
],
[
0.5950583333333334,
0.5474805555555555,
0.705167
],
[
0.5393388888888889,
0.6903458333333333,
0.665569
],
[
0,
0,
0
],
[
0,
0,
0
],
[
0,
0,
0
],
[
0,
0,
0
]
],
"timestamp": "Wed, 14 Mar 2018 09:59:55 GMT"
},
{
"distance": 628.32,
"grip": [
0.0400782014,
0,
0.027370479,
0
],
"id": 15548,
"pose": [
[
0,
0,
0
],
[
0,
0,
0
],
[
0,
0,
0
],
[
0,
0,
0
],
[
0,
0,
0
],
[
0,
0,
0
],
[
0,
0,
0
],
[
0,
0,
0
],
[
0.49990138888888885,
0.22239722222222225,
0.682629
],
[
0.48434722222222226,
0.5872875,
0.786151
],
[
0.4761625,
0.8569513888888889,
0.749111
],
[
0.6581208333333334,
0.23076805555555555,
0.710696
],
[
0.5478152777777778,
0.5870416666666667,
0.648919
],
[
0.5315444444444445,
0.7298402777777778,
0.455732
],
[
0,
0,
0
],
[
0,
0,
0
],
[
0,
0,
0
],
[
0,
0,
0
]
],
"timestamp": "Wed, 14 Mar 2018 09:59:56 GMT"
},
{
"distance": 0,
"grip": [
0,
0,
0,
0
],
"id": 15549,
"pose": [
[
0,
0,
0
],
[
0,
0,
0
],
[
0,
0,
0
],
[
0,
0,
0
],
[
0,
0,
0
],
[
0,
0,
0
],
[
0,
0,
0
],
[
0,
0,
0
],
[
0.5079180555555556,
0.21460833333333335,
0.677618
],
[
0.5156527777777777,
0.5872708333333333,
0.734026
],
[
0.4765986111111111,
0.8882638888888889,
0.659944
],
[
0.6584625000000001,
0.22251666666666667,
0.718211
],
[
0.5475486111111112,
0.5871986111111112,
0.708413
],
[
0.5312930555555556,
0.6904027777777778,
0.202341
],
[
0,
0,
0
],
[
0,
0,
0
],
[
0,
0,
0
],
[
0,
0,
0
]
],
"timestamp": "Wed, 14 Mar 2018 09:59:56 GMT"
},
{
"distance": 0,
"grip": [
0,
0,
0,
0
],
"id": 15550,
"pose": [
[
0,
0,
0
],
[
0,
0,
0
],
[
0,
0,
0
],
[
0,
0,
0
],
[
0,
0,
0
],
[
0,
0,
0
],
[
0,
0,
0
],
[
0,
0,
0
],
[
0.5079402777777777,
0.22278472222222223,
0.688753
],
[
0.5236236111111111,
0.5950625,
0.761711
],
[
0.48439583333333336,
0.8883430555555556,
0.620109
],
[
0.6583722222222222,
0.23076805555555555,
0.711591
],
[
0.5475375,
0.5951888888888889,
0.743811
],
[
0.4921875,
0.8566986111111111,
0.391773
],
[
0,
0,
0
],
[
0,
0,
0
],
[
0,
0,
0
],
[
0,
0,
0
]
],
"timestamp": "Wed, 14 Mar 2018 09:59:56 GMT"
},
{
"distance": 733.04,
"grip": [
0,
0,
0,
0
],
"id": 15551,
"pose": [
[
0,
0,
0
],
[
0,
0,
0
],
[
0,
0,
0
],
[
0,
0,
0
],
[
0,
0,
0
],
[
0,
0,
0
],
[
0,
0,
0
],
[
0,
0,
0
],
[
0.5156805555555556,
0.22284583333333335,
0.676683
],
[
0.5237152777777778,
0.5953597222222222,
0.754099
],
[
0.47648750000000006,
0.8804416666666667,
0.647483
],
[
0.6580708333333334,
0.23045277777777776,
0.669168
],
[
0.5400611111111111,
0.6028388888888889,
0.75066
],
[
0.48404444444444444,
0.8564986111111111,
0.441016
],
[
0,
0,
0
],
[
0,
0,
0
],
[
0,
0,
0
],
[
0,
0,
0
]
],
"timestamp": "Wed, 14 Mar 2018 09:59:56 GMT"
},
{
"distance": 0,
"grip": [
0,
0,
0,
0
],
"id": 15552,
"pose": [
[
0,
0,
0
],
[
0,
0,
0
],
[
0,
0,
0
],
[
0,
0,
0
],
[
0,
0,
0
],
[
0,
0,
0
],
[
0,
0,
0
],
[
0,
0,
0
],
[
0.5080416666666667,
0.2304125,
0.63486
],
[
0.5238583333333333,
0.6027861111111111,
0.713735
],
[
0.4840888888888889,
0.8725388888888889,
0.659801
],
[
0.6584875,
0.22280833333333333,
0.654012
],
[
0.55565,
0.5950902777777778,
0.684749
],
[
0.4839958333333333,
0.8328986111111112,
0.333758
],
[
0,
0,
0
],
[
0,
0,
0
],
[
0,
0,
0
],
[
0,
0,
0
]
],
"timestamp": "Wed, 14 Mar 2018 09:59:56 GMT"
},
{
"distance": 523.6,
"grip": [
0,
0,
0,
0
],
"id": 15553,
"pose": [
[
0,
0,
0
],
[
0,
0,
0
],
[
0,
0,
0
],
[
0,
0,
0
],
[
0,
0,
0
],
[
0,
0,
0
],
[
0,
0,
0
],
[
0,
0,
0
],
[
0.5079611111111112,
0.2384041666666667,
0.647606
],
[
0.5312597222222223,
0.5949416666666667,
0.727135
],
[
0.48446944444444445,
0.856776388888889,
0.679425
],
[
0.6663347222222222,
0.23049444444444445,
0.708022
],
[
0.5952666666666667,
0.56355,
0.686658
],
[
0.4842152777777778,
0.7933180555555556,
0.307073
],
[
0,
0,
0
],
[
0,
0,
0
],
[
0,
0,
0
],
[
0,
0,
0
]
],
"timestamp": "Wed, 14 Mar 2018 09:59:56 GMT"
},
{
"distance": 104.72,
"grip": [
0,
0,
0,
0
],
"id": 15554,
"pose": [
[
0,
0,
0
],
[
0,
0,
0
],
[
0,
0,
0
],
[
0,
0,
0
],
[
0,
0,
0
],
[
0,
0,
0
],
[
0,
0,
0
],
[
0,
0,
0
],
[
0.4922625,
0.25419722222222224,
0.672611
],
[
0.5315722222222223,
0.5951291666666667,
0.790568
],
[
0.4920486111111111,
0.8645805555555557,
0.660187
],
[
0.6586236111111111,
0.22276527777777777,
0.762038
],
[
0.6346027777777777,
0.5315930555555556,
0.691251
],
[
0.5317875,
0.6743986111111111,
0.280561
],
[
0,
0,
0
],
[
0,
0,
0
],
[
0,
0,
0
],
[
0,
0,
0
]
],
"timestamp": "Wed, 14 Mar 2018 09:59:56 GMT"
},
{
"distance": 0,
"grip": [
0,
0,
0,
0
],
"id": 15555,
"pose": [
[
0,
0,
0
],
[
0,
0,
0
],
[
0,
0,
0
],
[
0,
0,
0
],
[
0,
0,
0
],
[
0,
0,
0
],
[
0,
0,
0
],
[
0,
0,
0
],
[
0.48430277777777775,
0.2228388888888889,
0.735748
],
[
0.5314138888888889,
0.54765,
0.780037
],
[
0.5396805555555556,
0.5712694444444445,
0.146634
],
[
0.6584166666666667,
0.2144722222222222,
0.785363
],
[
0.6663777777777777,
0.4920138888888889,
0.883236
],
[
0.5633125,
0.6505083333333334,
0.673605
],
[
0,
0,
0
],
[
0,
0,
0
],
[
0,
0,
0
],
[
0,
0,
0
]
],
"timestamp": "Wed, 14 Mar 2018 09:59:56 GMT"
},
{
"distance": 418.88,
"grip": [
0,
0,
0,
0.0410557185
],
"id": 15556,
"pose": [
[
0,
0,
0
],
[
0,
0,
0
],
[
0,
0,
0
],
[
0,
0,
0
],
[
0,
0,
0
],
[
0,
0,
0
],
[
0,
0,
0
],
[
0,
0,
0
],
[
0.4842888888888889,
0.22296805555555557,
0.744759
],
[
0.5235972222222223,
0.5791166666666667,
0.757698
],
[
0.4843875,
0.8563944444444446,
0.667439
],
[
0.6583305555555555,
0.21448333333333333,
0.816499
],
[
0.6901652777777778,
0.47625972222222224,
0.851258
],
[
0.5949875,
0.6190972222222223,
0.783768
],
[
0,
0,
0
],
[
0,
0,
0
],
[
0,
0,
0
],
[
0,
0,
0
]
],
"timestamp": "Wed, 14 Mar 2018 09:59:56 GMT"
},
{
"distance": 314.16,
"grip": [
0,
0,
0,
0.0527859238
],
"id": 15557,
"pose": [
[
0,
0,
0
],
[
0,
0,
0
],
[
0,
0,
0
],
[
0,
0,
0
],
[
0,
0,
0
],
[
0,
0,
0
],
[
0,
0,
0
],
[
0,
0,
0
],
[
0.48434722222222226,
0.22268055555555558,
0.750594
],
[
0.5238833333333334,
0.5791805555555556,
0.82269
],
[
0.4921694444444445,
0.8487555555555556,
0.722741
],
[
0.6584333333333333,
0.20662500000000003,
0.794052
],
[
0.6982680555555556,
0.46797222222222223,
0.811796
],
[
0.6034583333333333,
0.6190458333333334,
0.816524
],
[
0,
0,
0
],
[
0,
0,
0
],
[
0,
0,
0
],
[
0,
0,
0
]
],
"timestamp": "Wed, 14 Mar 2018 09:59:56 GMT"
},
{
"distance": 0,
"grip": [
0,
0,
0,
0.1085043988
],
"id": 15558,
"pose": [
[
0,
0,
0
],
[
0,
0,
0
],
[
0,
0,
0
],
[
0,
0,
0
],
[
0,
0,
0
],
[
0,
0,
0
],
[
0,
0,
0
],
[
0,
0,
0
],
[
0.48433472222222224,
0.22286250000000002,
0.757755
],
[
0.5237277777777778,
0.5713125000000001,
0.828974
],
[
0.4921513888888889,
0.8484402777777778,
0.744442
],
[
0.6582555555555556,
0.19874444444444445,
0.775646
],
[
0.7059069444444445,
0.4524027777777778,
0.757468
],
[
0.6583111111111111,
0.6188319444444446,
0.844297
],
[
0,
0,
0
],
[
0,
0,
0
],
[
0,
0,
0
],
[
0,
0,
0
]
],
"timestamp": "Wed, 14 Mar 2018 09:59:56 GMT"
},
{
"distance": 0,
"grip": [
0,
0.183773216,
0,
0.1964809384
],
"id": 15559,
"pose": [
[
0,
0,
0
],
[
0,
0,
0
],
[
0,
0,
0
],
[
0,
0,
0
],
[
0,
0,
0
],
[
0,
0,
0
],
[
0,
0,
0
],
[
0,
0,
0
],
[
0.4841569444444445,
0.22249444444444444,
0.76007
],
[
0.5237902777777779,
0.5399444444444444,
0.863843
],
[
0.492025,
0.8483999999999999,
0.715617
],
[
0.6580708333333334,
0.17494444444444443,
0.761427
],
[
0.7059902777777778,
0.4286569444444444,
0.715279
],
[
0.6668458333333334,
0.61085,
0.865747
],
[
0,
0,
0
],
[
0,
0,
0
],
[
0,
0,
0
],
[
0,
0,
0
]
],
"timestamp": "Wed, 14 Mar 2018 09:59:56 GMT"
},
{
"distance": 733.04,
"grip": [
0,
0.2414467253,
0,
0.293255132
],
"id": 15560,
"pose": [
[
0,
0,
0
],
[
0,
0,
0
],
[
0,
0,
0
],
[
0,
0,
0
],
[
0,
0,
0
],
[
0,
0,
0
],
[
0,
0,
0
],
[
0,
0,
0
],
[
0.4764416666666667,
0.21456944444444445,
0.778935
],
[
0.5158972222222222,
0.5397708333333333,
0.851883
],
[
0.4844055555555556,
0.8407972222222223,
0.721701
],
[
0.6504680555555555,
0.1591875,
0.777798
],
[
0.6982527777777778,
0.42084027777777777,
0.746533
],
[
0.7139638888888888,
0.6267263888888889,
0.790537
],
[
0,
0,
0
],
[
0,
0,
0
],
[
0,
0,
0
],
[
0,
0,
0
]
],
"timestamp": "Wed, 14 Mar 2018 09:59:56 GMT"
},
{
"distance": 0,
"grip": [
0,
0.3411534702,
0,
0.4173998045
],
"id": 15561,
"pose": [
[
0,
0,
0
],
[
0,
0,
0
],
[
0,
0,
0
],
[
0,
0,
0
],
[
0,
0,
0
],
[
0,
0,
0
],
[
0,
0,
0
],
[
0,
0,
0
],
[
0.4761277777777778,
0.2068611111111111,
0.787504
],
[
0.5000819444444445,
0.5396458333333334,
0.859067
],
[
0.492175,
0.8169236111111111,
0.780085
],
[
0.6504083333333334,
0.15927361111111113,
0.785025
],
[
0.7061069444444444,
0.4522819444444444,
0.78876
],
[
0.7219875,
0.6503541666666667,
0.825051
],
[
0,
0,
0
],
[
0,
0,
0
],
[
0,
0,
0
],
[
0,
0,
0
]
],
"timestamp": "Wed, 14 Mar 2018 09:59:56 GMT"
},
{
"distance": 0,
"grip": [
0,
0.4046920821,
0,
0.4408602151
],
"id": 15562,
"pose": [
[
0,
0,
0
],
[
0,
0,
0
],
[
0,
0,
0
],
[
0,
0,
0
],
[
0,
0,
0
],
[
0,
0,
0
],
[
0,
0,
0
],
[
0,
0,
0
],
[
0.4683527777777778,
0.20664583333333333,
0.748815
],
[
0.49207361111111114,
0.5317513888888888,
0.849097
],
[
0.49197222222222226,
0.8013611111111112,
0.773052
],
[
0.6269666666666667,
0.15913611111111112,
0.759345
],
[
0.7137208333333334,
0.4444194444444445,
0.802037
],
[
0.7301152777777778,
0.6506319444444445,
0.853688
],
[
0,
0,
0
],
[
0,
0,
0
],
[
0,
0,
0
],
[
0,
0,
0
]
],
"timestamp": "Wed, 14 Mar 2018 09:59:56 GMT"
},
{
"distance": 0,
"grip": [
0,
0.4467253177,
0,
0.449657869
],
"id": 15563,
"pose": [
[
0,
0,
0
],
[
0,
0,
0
],
[
0,
0,
0
],
[
0,
0,
0
],
[
0,
0,
0
],
[
0,
0,
0
],
[
0,
0,
0
],
[
0,
0,
0
],
[
0.46045138888888887,
0.21448472222222223,
0.748193
],
[
0.4839958333333333,
0.5314388888888889,
0.857788
],
[
0.49194305555555556,
0.793513888888889,
0.777062
],
[
0.6189319444444444,
0.15946527777777778,
0.778648
],
[
0.7215527777777778,
0.44448194444444444,
0.825797
],
[
0.730211111111111,
0.6506902777777778,
0.849177
],
[
0,
0,
0
],
[
0,
0,
0
],
[
0,
0,
0
],
[
0,
0,
0
]
],
"timestamp": "Wed, 14 Mar 2018 09:59:56 GMT"
},
{
"distance": 628.32,
"grip": [
0,
0.4643206256,
0,
0.449657869
],
"id": 15564,
"pose": [
[
0,
0,
0
],
[
0,
0,
0
],
[
0,
0,
0
],
[
0,
0,
0
],
[
0,
0,
0
],
[
0,
0,
0
],
[
0,
0,
0
],
[
0,
0,
0
],
[
0.4522541666666667,
0.20661805555555554,
0.717751
],
[
0.4761486111111111,
0.5236805555555556,
0.851671
],
[
0.4922708333333334,
0.7933347222222222,
0.758986
],
[
0.6108236111111112,
0.15896944444444444,
0.819537
],
[
0.7214569444444444,
0.4288083333333334,
0.836185
],
[
0.7299611111111112,
0.6582722222222223,
0.878056
],
[
0,
0,
0
],
[
0,
0,
0
],
[
0,
0,
0
],
[
0,
0,
0
]
],
"timestamp": "Wed, 14 Mar 2018 09:59:56 GMT"
},
{
"distance": 0,
"grip": [
0,
0.4604105572,
0,
0.4652981427
],
"id": 15565,
"pose": [
[
0,
0,
0
],
[
0,
0,
0
],
[
0,
0,
0
],
[
0,
0,
0
],
[
0,
0,
0
],
[
0,
0,
0
],
[
0,
0,
0
],
[
0,
0,
0
],
[
0.4286569444444444,
0.19886527777777777,
0.735458
],
[
0.47595138888888894,
0.5158972222222222,
0.849258
],
[
0.49213888888888885,
0.7774597222222221,
0.749817
],
[
0.6033486111111112,
0.15144722222222223,
0.813503
],
[
0.7138277777777778,
0.4446013888888889,
0.822725
],
[
0.7300694444444444,
0.6665638888888888,
0.876782
],
[
0,
0,
0
],
[
0,
0,
0
],
[
0,
0,
0
],
[
0,
0,
0
]
],
"timestamp": "Wed, 14 Mar 2018 09:59:56 GMT"
},
{
"distance": 0,
"grip": [
0,
0.4467253177,
0,
0.4652981427
],
"id": 15566,
"pose": [
[
0,
0,
0
],
[
0,
0,
0
],
[
0,
0,
0
],
[
0,
0,
0
],
[
0,
0,
0
],
[
0,
0,
0
],
[
0,
0,
0
],
[
0,
0,
0
],
[
0.4210041666666667,
0.19096805555555557,
0.703149
],
[
0.4683180555555556,
0.5157333333333333,
0.848094
],
[
0.4842069444444445,
0.7771305555555555,
0.769992
],
[
0.6031430555555556,
0.15148472222222223,
0.813565
],
[
0.6980083333333333,
0.46008888888888894,
0.802327
],
[
0.7295277777777778,
0.6822263888888889,
0.845122
],
[
0,
0,
0
],
[
0,
0,
0
],
[
0,
0,
0
],
[
0,
0,
0
]
],
"timestamp": "Wed, 14 Mar 2018 09:59:56 GMT"
},
{
"distance": 418.88,
"grip": [
0,
0.4398826979,
0,
0.4525904203
],
"id": 15567,
"pose": [
[
0,
0,
0
],
[
0,
0,
0
],
[
0,
0,
0
],
[
0,
0,
0
],
[
0,
0,
0
],
[
0,
0,
0
],
[
0,
0,
0
],
[
0,
0,
0
],
[
0.413125,
0.1908625,
0.722897
],
[
0.46813611111111114,
0.49206250000000007,
0.851518
],
[
0.48419305555555564,
0.7849708333333333,
0.829771
],
[
0.6028166666666667,
0.15130000000000002,
0.787771
],
[
0.6742416666666667,
0.4601555555555556,
0.830121
],
[
0.7217194444444445,
0.6823347222222222,
0.812397
],
[
0,
0,
0
],
[
0,
0,
0
],
[
0,
0,
0
],
[
0,
0,
0
]
],
"timestamp": "Wed, 14 Mar 2018 09:59:56 GMT"
},
{
"distance": 314.16,
"grip": [
0,
0.3919843597,
0,
0.3167155425
],
"id": 15568,
"pose": [
[
0,
0,
0
],
[
0,
0,
0
],
[
0,
0,
0
],
[
0,
0,
0
],
[
0,
0,
0
],
[
0,
0,
0
],
[
0,
0,
0
],
[
0,
0,
0
],
[
0.41322916666666665,
0.17522083333333335,
0.71929
],
[
0.4683208333333333,
0.4841652777777778,
0.875258
],
[
0.4839958333333333,
0.7537458333333333,
0.798725
],
[
0.6028361111111111,
0.15127083333333335,
0.793491
],
[
0.6661347222222223,
0.46810972222222225,
0.894428
],
[
0.6822930555555555,
0.7216805555555555,
0.836471
],
[
0,
0,
0
],
[
0,
0,
0
],
[
0,
0,
0
],
[
0,
0,
0
]
],
"timestamp": "Wed, 14 Mar 2018 09:59:56 GMT"
},
{
"distance": 0,
"grip": [
0,
0,
0,
0.0449657869
],
"id": 15569,
"pose": [
[
0,
0,
0
],
[
0,
0,
0
],
[
0,
0,
0
],
[
0,
0,
0
],
[
0,
0,
0
],
[
0,
0,
0
],
[
0,
0,
0
],
[
0,
0,
0
],
[
0.42075138888888886,
0.17521944444444446,
0.707951
],
[
0.46830416666666663,
0.48421388888888894,
0.872217
],
[
0.48420555555555556,
0.7456694444444444,
0.805069
],
[
0.6031055555555556,
0.15149027777777777,
0.790884
],
[
0.6583875,
0.46847638888888893,
0.906919
],
[
0.6662291666666667,
0.7377611111111111,
0.830912
],
[
0,
0,
0
],
[
0,
0,
0
],
[
0,
0,
0
],
[
0,
0,
0
]
],
"timestamp": "Wed, 14 Mar 2018 09:59:56 GMT"
},
{
"distance": 0,
"grip": [
0,
0,
0,
0
],
"id": 15570,
"pose": [
[
0,
0,
0
],
[
0,
0,
0
],
[
0,
0,
0
],
[
0,
0,
0
],
[
0,
0,
0
],
[
0,
0,
0
],
[
0,
0,
0
],
[
0,
0,
0
],
[
0.4208652777777778,
0.1910152777777778,
0.714338
],
[
0.4682027777777778,
0.4842777777777778,
0.862769
],
[
0.48411944444444444,
0.7378652777777779,
0.811655
],
[
0.6032958333333334,
0.1594722222222222,
0.775828
],
[
0.6427097222222222,
0.4841152777777778,
0.823202
],
[
0.6348305555555556,
0.761451388888889,
0.772881
],
[
0,
0,
0
],
[
0,
0,
0
],
[
0,
0,
0
],
[
0,
0,
0
]
],
"timestamp": "Wed, 14 Mar 2018 09:59:56 GMT"
},
{
"distance": 523.6,
"grip": [
0,
0,
0,
0
],
"id": 15571,
"pose": [
[
0,
0,
0
],
[
0,
0,
0
],
[
0,
0,
0
],
[
0,
0,
0
],
[
0,
0,
0
],
[
0,
0,
0
],
[
0,
0,
0
],
[
0,
0,
0
],
[
0.4285361111111111,
0.19096944444444444,
0.700495
],
[
0.46800833333333336,
0.48420555555555556,
0.872971
],
[
0.4840430555555556,
0.7216,
0.83866
],
[
0.6032944444444445,
0.1673097222222222,
0.765609
],
[
0.6112041666666667,
0.5235013888888889,
0.819953
],
[
0.6031125,
0.7615666666666666,
0.814374
],
[
0,
0,
0
],
[
0,
0,
0
],
[
0,
0,
0
],
[
0,
0,
0
]
],
"timestamp": "Wed, 14 Mar 2018 09:59:56 GMT"
},
{
"distance": 209.44,
"grip": [
0,
0,
0,
0
],
"id": 15572,
"pose": [
[
0,
0,
0
],
[
0,
0,
0
],
[
0,
0,
0
],
[
0,
0,
0
],
[
0,
0,
0
],
[
0,
0,
0
],
[
0,
0,
0
],
[
0,
0,
0
],
[
0.4365625,
0.20650277777777776,
0.712124
],
[
0.46787500000000004,
0.48436111111111113,
0.856137
],
[
0.4767,
0.7301055555555557,
0.85125
],
[
0.6108138888888889,
0.19096944444444444,
0.762476
],
[
0.6031708333333333,
0.5316680555555555,
0.907989
],
[
0.5873250000000001,
0.7852402777777778,
0.826445
],
[
0,
0,
0
],
[
0,
0,
0
],
[
0,
0,
0
],
[
0,
0,
0
]
],
"timestamp": "Wed, 14 Mar 2018 09:59:56 GMT"
},
{
"distance": 0,
"grip": [
0,
0,
0,
0
],
"id": 15573,
"pose": [
[
0,
0,
0
],
[
0,
0,
0
],
[
0,
0,
0
],
[
0,
0,
0
],
[
0,
0,
0
],
[
0,
0,
0
],
[
0,
0,
0
],
[
0,
0,
0
],
[
0.44438750000000005,
0.19876527777777778,
0.687121
],
[
0.4603347222222222,
0.47648194444444447,
0.836498
],
[
0.4839833333333334,
0.7137555555555556,
0.791936
],
[
0.6111097222222223,
0.1988013888888889,
0.744191
],
[
0.5954416666666668,
0.5237875000000001,
0.871681
],
[
0.5556791666666667,
0.777201388888889,
0.761922
],
[
0,
0,
0
],
[
0,
0,
0
],
[
0,
0,
0
],
[
0,
0,
0
]
],
"timestamp": "Wed, 14 Mar 2018 09:59:56 GMT"
},
{
"distance": 0,
"grip": [
0,
0,
0,
0
],
"id": 15574,
"pose": [
[
0,
0,
0
],
[
0,
0,
0
],
[
0,
0,
0
],
[
0,
0,
0
],
[
0,
0,
0
],
[
0,
0,
0
],
[
0,
0,
0
],
[
0,
0,
0
],
[
0.4445694444444444,
0.1989277777777778,
0.698383
],
[
0.44443194444444445,
0.4841805555555556,
0.785331
],
[
0.48418750000000005,
0.7061541666666666,
0.790446
],
[
0.6266916666666668,
0.20677638888888888,
0.723448
],
[
0.5952888888888889,
0.5314069444444445,
0.865874
],
[
0.547661111111111,
0.7694347222222223,
0.722098
],
[
0,
0,
0
],
[
0,
0,
0
],
[
0,
0,
0
],
[
0,
0,
0
]
],
"timestamp": "Wed, 14 Mar 2018 09:59:56 GMT"
},
{
"distance": 733.04,
"grip": [
0.045943304,
0,
0,
0
],
"id": 15575,
"pose": [
[
0,
0,
0
],
[
0,
0,
0
],
[
0,
0,
0
],
[
0,
0,
0
],
[
0,
0,
0
],
[
0,
0,
0
],
[
0,
0,
0
],
[
0,
0,
0
],
[
0.4600944444444444,
0.2068347222222222,
0.726105
],
[
0.42864027777777775,
0.5157861111111111,
0.798654
],
[
0.48441527777777776,
0.7218986111111112,
0.807067
],
[
0.6346097222222222,
0.21472222222222223,
0.735368
],
[
0.6026722222222222,
0.5394930555555556,
0.889452
],
[
0.5478013888888889,
0.7774708333333333,
0.749964
],
[
0,
0,
0
],
[
0,
0,
0
],
[
0,
0,
0
],
[
0,
0,
0
]
],
"timestamp": "Wed, 14 Mar 2018 09:59:56 GMT"
},
{
"distance": 0,
"grip": [
0.0830889541,
0,
0.091886608,
0
],
"id": 15576,
"pose": [
[
0,
0,
0
],
[
0,
0,
0
],
[
0,
0,
0
],
[
0,
0,
0
],
[
0,
0,
0
],
[
0,
0,
0
],
[
0,
0,
0
],
[
0,
0,
0
],
[
0.46825138888888895,
0.2149597222222222,
0.788419
],
[
0.41308611111111115,
0.5237305555555556,
0.867843
],
[
0.48435555555555554,
0.7220902777777778,
0.736396
],
[
0.6502625000000001,
0.2305263888888889,
0.753818
],
[
0.6028,
0.5399083333333333,
0.8756
],
[
0.5398444444444445,
0.7693972222222223,
0.765021
],
[
0,
0,
0
],
[
0,
0,
0
],
[
0,
0,
0
],
[
0,
0,
0
]
],
"timestamp": "Wed, 14 Mar 2018 09:59:56 GMT"
},
{
"distance": 0,
"grip": [
0.1153470186,
0,
0.1309872923,
0
],
"id": 15577,
"pose": [
[
0,
0,
0
],
[
0,
0,
0
],
[
0,
0,
0
],
[
0,
0,
0
],
[
0,
0,
0
],
[
0,
0,
0
],
[
0,
0,
0
],
[
0,
0,
0
],
[
0.4685430555555556,
0.2224875,
0.783473
],
[
0.4128333333333334,
0.5235527777777779,
0.845834
],
[
0.4920833333333334,
0.6982222222222223,
0.546691
],
[
0.650675,
0.23834583333333337,
0.765722
],
[
0.6029013888888889,
0.5399458333333333,
0.8552
],
[
0.5394569444444445,
0.7458513888888889,
0.766676
],
[
0,
0,
0
],
[
0,
0,
0
],
[
0,
0,
0
],
[
0,
0,
0
]
],
"timestamp": "Wed, 14 Mar 2018 09:59:56 GMT"
},
{
"distance": 523.6,
"grip": [
0.0977517107,
0,
0.0938416422,
0
],
"id": 15578,
"pose": [
[
0,
0,
0
],
[
0,
0,
0
],
[
0,
0,
0
],
[
0,
0,
0
],
[
0,
0,
0
],
[
0,
0,
0
],
[
0,
0,
0
],
[
0,
0,
0
],
[
0.4762513888888889,
0.23051805555555557,
0.774377
],
[
0.41282638888888895,
0.5316625,
0.893501
],
[
0.5236472222222223,
0.7060222222222222,
0.560172
],
[
0.6580416666666667,
0.2464402777777778,
0.773895
],
[
0.6027847222222222,
0.55565,
0.839702
],
[
0.5315736111111111,
0.7457583333333334,
0.726884
],
[
0,
0,
0
],
[
0,
0,
0
],
[
0,
0,
0
],
[
0,
0,
0
]
],
"timestamp": "Wed, 14 Mar 2018 09:59:57 GMT"
},
{
"distance": 0,
"grip": [
0.1221896383,
0,
0.1016617791,
0
],
"id": 15579,
"pose": [
[
0,
0,
0
],
[
0,
0,
0
],
[
0,
0,
0
],
[
0,
0,
0
],
[
0,
0,
0
],
[
0,
0,
0
],
[
0,
0,
0
],
[
0,
0,
0
],
[
0.47655694444444446,
0.22280972222222223,
0.774959
],
[
0.42058194444444447,
0.5317791666666667,
0.883035
],
[
0.4763055555555556,
0.7457138888888889,
0.560673
],
[
0.6582416666666667,
0.23850000000000002,
0.773378
],
[
0.6027097222222223,
0.5478291666666667,
0.863261
],
[
0.5392736111111112,
0.7378277777777777,
0.736412
],
[
0,
0,
0
],
[
0,
0,
0
],
[
0,
0,
0
],
[
0,
0,
0
]
],
"timestamp": "Wed, 14 Mar 2018 09:59:57 GMT"
},
{
"distance": 0,
"grip": [
0.0957966764,
0,
0.0742913001,
0
],
"id": 15580,
"pose": [
[
0,
0,
0
],
[
0,
0,
0
],
[
0,
0,
0
],
[
0,
0,
0
],
[
0,
0,
0
],
[
0,
0,
0
],
[
0,
0,
0
],
[
0,
0,
0
],
[
0.4842694444444444,
0.23045972222222225,
0.752445
],
[
0.4365375,
0.5395694444444444,
0.834711
],
[
0.47604583333333333,
0.7851125,
0.701071
],
[
0.6582041666666667,
0.2384777777777778,
0.773061
],
[
0.5954736111111111,
0.5476361111111111,
0.870007
],
[
0.5393041666666667,
0.7378083333333333,
0.694933
],
[
0,
0,
0
],
[
0,
0,
0
],
[
0,
0,
0
],
[
0,
0,
0
]
],
"timestamp": "Wed, 14 Mar 2018 09:59:57 GMT"
},
{
"distance": 523.6,
"grip": [
0.0938416422,
0,
0,
0
],
"id": 15581,
"pose": [
[
0,
0,
0
],
[
0,
0,
0
],
[
0,
0,
0
],
[
0,
0,
0
],
[
0,
0,
0
],
[
0,
0,
0
],
[
0,
0,
0
],
[
0,
0,
0
],
[
0.4843125,
0.2229722222222222,
0.746446
],
[
0.4682819444444445,
0.5397111111111111,
0.852622
],
[
0.47643750000000007,
0.80105,
0.768777
],
[
0.65815,
0.23074305555555555,
0.771339
],
[
0.6026916666666666,
0.5394180555555556,
0.848191
],
[
0.5392847222222222,
0.7218972222222222,
0.775425
],
[
0,
0,
0
],
[
0,
0,
0
],
[
0,
0,
0
],
[
0,
0,
0
]
],
"timestamp": "Wed, 14 Mar 2018 09:59:57 GMT"
},
{
"distance": 0,
"grip": [
0.1016617791,
0,
0,
0
],
"id": 15582,
"pose": [
[
0,
0,
0
],
[
0,
0,
0
],
[
0,
0,
0
],
[
0,
0,
0
],
[
0,
0,
0
],
[
0,
0,
0
],
[
0,
0,
0
],
[
0,
0,
0
],
[
0.4919791666666667,
0.22290833333333335,
0.740111
],
[
0.47657222222222223,
0.5398097222222222,
0.84949
],
[
0.47640138888888894,
0.8250958333333334,
0.785052
],
[
0.6506708333333333,
0.23848750000000002,
0.752702
],
[
0.5951833333333333,
0.5319083333333333,
0.774562
],
[
0.531976388888889,
0.7138777777777777,
0.685377
],
[
0,
0,
0
],
[
0,
0,
0
],
[
0,
0,
0
],
[
0,
0,
0
]
],
"timestamp": "Wed, 14 Mar 2018 09:59:57 GMT"
},
{
"distance": 418.88,
"grip": [
0.0527859238,
0,
0,
0
],
"id": 15583,
"pose": [
[
0,
0,
0
],
[
0,
0,
0
],
[
0,
0,
0
],
[
0,
0,
0
],
[
0,
0,
0
],
[
0,
0,
0
],
[
0,
0,
0
],
[
0,
0,
0
],
[
0.5078972222222222,
0.23059305555555554,
0.687829
],
[
0.5157277777777778,
0.5397527777777779,
0.741494
],
[
0.48415972222222226,
0.8248875,
0.706088
],
[
0.6580833333333334,
0.2386027777777778,
0.730481
],
[
0.5871875,
0.5398361111111112,
0.750535
],
[
0.5394652777777779,
0.7695194444444444,
0.592087
],
[
0,
0,
0
],
[
0,
0,
0
],
[
0,
0,
0
],
[
0,
0,
0
]
],
"timestamp": "Wed, 14 Mar 2018 09:59:57 GMT"
},
{
"distance": 104.72,
"grip": [
0,
0,
0,
0
],
"id": 15584,
"pose": [
[
0,
0,
0
],
[
0,
0,
0
],
[
0,
0,
0
],
[
0,
0,
0
],
[
0,
0,
0
],
[
0,
0,
0
],
[
0,
0,
0
],
[
0,
0,
0
],
[
0.515838888888889,
0.23047916666666668,
0.688054
],
[
0.5312847222222222,
0.5475097222222223,
0.744212
],
[
0.523513888888889,
0.8328500000000001,
0.633743
],
[
0.6582402777777778,
0.23070416666666668,
0.714712
],
[
0.5869305555555555,
0.5475861111111111,
0.70001
],
[
0.5316916666666667,
0.7932597222222223,
0.45301
],
[
0,
0,
0
],
[
0,
0,
0
],
[
0,
0,
0
],
[
0,
0,
0
]
],
"timestamp": "Wed, 14 Mar 2018 09:59:57 GMT"
},
{
"distance": 0,
"grip": [
0,
0,
0,
0
],
"id": 15585,
"pose": [
[
0,
0,
0
],
[
0,
0,
0
],
[
0,
0,
0
],
[
0,
0,
0
],
[
0,
0,
0
],
[
0,
0,
0
],
[
0,
0,
0
],
[
0,
0,
0
],
[
0.5158361111111112,
0.23059305555555554,
0.704254
],
[
0.5314013888888889,
0.5474513888888889,
0.76436
],
[
0.5312611111111111,
0.8170555555555555,
0.702739
],
[
0.6502805555555555,
0.23061944444444443,
0.719976
],
[
0.5869055555555556,
0.5474444444444445,
0.702732
],
[
0.5237055555555555,
0.7853888888888889,
0.41524
],
[
0,
0,
0
],
[
0,
0,
0
],
[
0,
0,
0
],
[
0,
0,
0
]
],
"timestamp": "Wed, 14 Mar 2018 09:59:57 GMT"
},
{
"distance": 523.6,
"grip": [
0,
0,
0,
0
],
"id": 15586,
"pose": [
[
0,
0,
0
],
[
0,
0,
0
],
[
0,
0,
0
],
[
0,
0,
0
],
[
0,
0,
0
],
[
0,
0,
0
],
[
0,
0,
0
],
[
0,
0,
0
],
[
0.5157805555555556,
0.2541777777777778,
0.682354
],
[
0.5314722222222222,
0.5555125,
0.753999
],
[
0.5237166666666667,
0.8327500000000001,
0.719433
],
[
0.6427763888888889,
0.23836388888888893,
0.724374
],
[
0.5947236111111112,
0.5477152777777778,
0.741408
],
[
0.5313166666666667,
0.7851194444444444,
0.422887
],
[
0,
0,
0
],
[
0,
0,
0
],
[
0,
0,
0
],
[
0,
0,
0
]
],
"timestamp": "Wed, 14 Mar 2018 09:59:57 GMT"
},
{
"distance": 0,
"grip": [
0,
0,
0,
0
],
"id": 15587,
"pose": [
[
0,
0,
0
],
[
0,
0,
0
],
[
0,
0,
0
],
[
0,
0,
0
],
[
0,
0,
0
],
[
0,
0,
0
],
[
0,
0,
0
],
[
0,
0,
0
],
[
0.49994861111111116,
0.26214583333333336,
0.685487
],
[
0.5318708333333334,
0.5554819444444444,
0.786166
],
[
0.5237291666666667,
0.8327347222222222,
0.746418
],
[
0.6427222222222222,
0.23075833333333332,
0.728693
],
[
0.5954138888888889,
0.5477458333333334,
0.750953
],
[
0.53145,
0.7774500000000001,
0.435241
],
[
0,
0,
0
],
[
0,
0,
0
],
[
0,
0,
0
],
[
0,
0,
0
]
],
"timestamp": "Wed, 14 Mar 2018 09:59:57 GMT"
},
{
"distance": 0,
"grip": [
0,
0.2991202346,
0,
0.0195503421
],
"id": 15588,
"pose": [
[
0,
0,
0
],
[
0,
0,
0
],
[
0,
0,
0
],
[
0,
0,
0
],
[
0,
0,
0
],
[
0,
0,
0
],
[
0,
0,
0
],
[
0,
0,
0
],
[
0.5000458333333334,
0.23863333333333334,
0.691569
],
[
0.5392791666666666,
0.5399777777777778,
0.854918
],
[
0.5238194444444444,
0.8250777777777779,
0.753808
],
[
0.6269388888888889,
0.23057083333333334,
0.746731
],
[
0.6109083333333334,
0.5394833333333333,
0.787902
],
[
0.5318555555555555,
0.7850916666666666,
0.514055
],
[
0,
0,
0
],
[
0,
0,
0
],
[
0,
0,
0
],
[
0,
0,
0
]
],
"timestamp": "Wed, 14 Mar 2018 09:59:57 GMT"
},
{
"distance": 0,
"grip": [
0,
0.3900293255,
0,
0.0361681329
],
"id": 15589,
"pose": [
[
0,
0,
0
],
[
0,
0,
0
],
[
0,
0,
0
],
[
0,
0,
0
],
[
0,
0,
0
],
[
0,
0,
0
],
[
0,
0,
0
],
[
0,
0,
0
],
[
0.4766375,
0.22264583333333335,
0.761176
],
[
0.5315736111111111,
0.5319527777777777,
0.826642
],
[
0.539848611111111,
0.5945652777777778,
0.133892
],
[
0.6189569444444445,
0.21433194444444445,
0.734815
],
[
0.6586347222222222,
0.4604527777777778,
0.790421
],
[
0.594863888888889,
0.6504027777777779,
0.791277
],
[
0,
0,
0
],
[
0,
0,
0
],
[
0,
0,
0
],
[
0,
0,
0
]
],
"timestamp": "Wed, 14 Mar 2018 09:59:57 GMT"
},
{
"distance": 209.44,
"grip": [
0,
0.4877810362,
0,
0.03714565
],
"id": 15590,
"pose": [
[
0,
0,
0
],
[
0,
0,
0
],
[
0,
0,
0
],
[
0,
0,
0
],
[
0,
0,
0
],
[
0,
0,
0
],
[
0,
0,
0
],
[
0,
0,
0
],
[
0.47635138888888895,
0.23057500000000003,
0.789336
],
[
0.5316500000000001,
0.5475944444444444,
0.867186
],
[
0.5402972222222222,
0.5715055555555556,
0.151354
],
[
0.610875,
0.21454583333333335,
0.7802
],
[
0.6663472222222222,
0.4601263888888889,
0.81318
],
[
0.6108694444444445,
0.6111708333333333,
0.761126
],
[
0,
0,
0
],
[
0,
0,
0
],
[
0,
0,
0
],
[
0,
0,
0
]
],
"timestamp": "Wed, 14 Mar 2018 09:59:57 GMT"
},
{
"distance": 0,
"grip": [
0,
0.504398827,
0,
0.0361681329
],
"id": 15591,
"pose": [
[
0,
0,
0
],
[
0,
0,
0
],
[
0,
0,
0
],
[
0,
0,
0
],
[
0,
0,
0
],
[
0,
0,
0
],
[
0,
0,
0
],
[
0,
0,
0
],
[
0.47668333333333335,
0.23044166666666668,
0.774098
],
[
0.5314986111111111,
0.5553402777777778,
0.859056
],
[
0.5237125,
0.8329666666666666,
0.754702
],
[
0.611113888888889,
0.20665000000000003,
0.756571
],
[
0.6664055555555556,
0.43646805555555557,
0.756176
],
[
0.6504388888888889,
0.6032930555555556,
0.804645
],
[
0,
0,
0
],
[
0,
0,
0
],
[
0,
0,
0
],
[
0,
0,
0
]
],
"timestamp": "Wed, 14 Mar 2018 09:59:57 GMT"
},
{
"distance": 0,
"grip": [
0,
0.5249266862,
0,
0.0342130987
],
"id": 15592,
"pose": [
[
0,
0,
0
],
[
0,
0,
0
],
[
0,
0,
0
],
[
0,
0,
0
],
[
0,
0,
0
],
[
0,
0,
0
],
[
0,
0,
0
],
[
0,
0,
0
],
[
0.47642500000000004,
0.2224361111111111,
0.816263
],
[
0.5314402777777778,
0.5397597222222222,
0.877897
],
[
0.5236347222222222,
0.8249777777777778,
0.719647
],
[
0.6108972222222222,
0.17524305555555555,
0.782932
],
[
0.6664972222222222,
0.4128291666666667,
0.788064
],
[
0.6663375,
0.5953680555555556,
0.868345
],
[
0,
0,
0
],
[
0,
0,
0
],
[
0,
0,
0
],
[
0,
0,
0
]
],
"timestamp": "Wed, 14 Mar 2018 09:59:57 GMT"
},
{
"distance": 628.32,
"grip": [
0,
0.4819159335,
0,
0.0293255132
],
"id": 15593,
"pose": [
[
0,
0,
0
],
[
0,
0,
0
],
[
0,
0,
0
],
[
0,
0,
0
],
[
0,
0,
0
],
[
0,
0,
0
],
[
0,
0,
0
],
[
0,
0,
0
],
[
0.4759069444444445,
0.21482083333333332,
0.795667
],
[
0.5238319444444445,
0.5317513888888888,
0.86523
],
[
0.5237125,
0.8013513888888889,
0.756075
],
[
0.6032819444444445,
0.1670777777777778,
0.787244
],
[
0.6667736111111111,
0.4129277777777778,
0.78725
],
[
0.6902458333333333,
0.6027791666666666,
0.809627
],
[
0,
0,
0
],
[
0,
0,
0
],
[
0,
0,
0
],
[
0,
0,
0
]
],
"timestamp": "Wed, 14 Mar 2018 09:59:57 GMT"
},
{
"distance": 0,
"grip": [
0,
0.5708699902,
0,
0.0293255132
],
"id": 15594,
"pose": [
[
0,
0,
0
],
[
0,
0,
0
],
[
0,
0,
0
],
[
0,
0,
0
],
[
0,
0,
0
],
[
0,
0,
0
],
[
0,
0,
0
],
[
0,
0,
0
],
[
0.4760972222222223,
0.21476944444444443,
0.788229
],
[
0.5235263888888889,
0.5235833333333334,
0.824085
],
[
0.5237277777777778,
0.7930305555555556,
0.786384
],
[
0.610876388888889,
0.16719305555555558,
0.757525
],
[
0.6743388888888889,
0.4130972222222222,
0.793753
],
[
0.7140152777777778,
0.6031083333333334,
0.845159
],
[
0,
0,
0
],
[
0,
0,
0
],
[
0,
0,
0
],
[
0,
0,
0
]
],
"timestamp": "Wed, 14 Mar 2018 09:59:57 GMT"
},
{
"distance": 0,
"grip": [
0,
0.6099706745,
0,
0.0205278592
],
"id": 15595,
"pose": [
[
0,
0,
0
],
[
0,
0,
0
],
[
0,
0,
0
],
[
0,
0,
0
],
[
0,
0,
0
],
[
0,
0,
0
],
[
0,
0,
0
],
[
0,
0,
0
],
[
0.46844722222222224,
0.2068597222222222,
0.786234
],
[
0.5001555555555556,
0.49217777777777777,
0.810407
],
[
0.5237472222222223,
0.7850402777777779,
0.782298
],
[
0.6034138888888889,
0.1595,
0.800766
],
[
0.6745263888888889,
0.42066250000000005,
0.821557
],
[
0.7218111111111111,
0.6029736111111111,
0.855801
],
[
0,
0,
0
],
[
0,
0,
0
],
[
0,
0,
0
],
[
0,
0,
0
]
],
"timestamp": "Wed, 14 Mar 2018 09:59:57 GMT"
},
{
"distance": 0,
"grip": [
0,
0.6344086022,
0,
0.0009775171
],
"id": 15596,
"pose": [
[
0,
0,
0
],
[
0,
0,
0
],
[
0,
0,
0
],
[
0,
0,
0
],
[
0,
0,
0
],
[
0,
0,
0
],
[
0,
0,
0
],
[
0,
0,
0
],
[
0.46048333333333336,
0.2065513888888889,
0.754803
],
[
0.4919791666666667,
0.4843013888888889,
0.808453
],
[
0.523625,
0.7536916666666668,
0.767728
],
[
0.6027791666666666,
0.15934444444444446,
0.822717
],
[
0.6743944444444445,
0.41249444444444444,
0.854962
],
[
0.729526388888889,
0.6031847222222223,
0.876569
],
[
0,
0,
0
],
[
0,
0,
0
],
[
0,
0,
0
],
[
0,
0,
0
]
],
"timestamp": "Wed, 14 Mar 2018 09:59:57 GMT"
},
{
"distance": 942.48,
"grip": [
0,
0.5933528837,
0,
0
],
"id": 15597,
"pose": [
[
0,
0,
0
],
[
0,
0,
0
],
[
0,
0,
0
],
[
0,
0,
0
],
[
0,
0,
0
],
[
0,
0,
0
],
[
0,
0,
0
],
[
0,
0,
0
],
[
0.45256666666666673,
0.20654583333333335,
0.740047
],
[
0.4841777777777778,
0.484325,
0.829179
],
[
0.5234791666666666,
0.7458458333333334,
0.769472
],
[
0.6028041666666667,
0.15916111111111111,
0.824671
],
[
0.674426388888889,
0.41286527777777776,
0.851962
],
[
0.7297527777777778,
0.6032652777777778,
0.858502
],
[
0,
0,
0
],
[
0,
0,
0
],
[
0,
0,
0
],
[
0,
0,
0
]
],
"timestamp": "Wed, 14 Mar 2018 09:59:57 GMT"
},
{
"distance": 0,
"grip": [
0,
0.6783968719,
0,
0
],
"id": 15598,
"pose": [
[
0,
0,
0
],
[
0,
0,
0
],
[
0,
0,
0
],
[
0,
0,
0
],
[
0,
0,
0
],
[
0,
0,
0
],
[
0,
0,
0
],
[
0,
0,
0
],
[
0.43671944444444444,
0.20687777777777777,
0.749513
],
[
0.47645416666666673,
0.5077791666666667,
0.831224
],
[
0.5236944444444445,
0.7850000000000001,
0.805176
],
[
0.5954069444444444,
0.15927361111111113,
0.842748
],
[
0.6744527777777778,
0.4128805555555556,
0.848945
],
[
0.7295777777777779,
0.6033902777777778,
0.856192
],
[
0,
0,
0
],
[
0,
0,
0
],
[
0,
0,
0
],
[
0,
0,
0
]
],
"timestamp": "Wed, 14 Mar 2018 09:59:57 GMT"
},
{
"distance": 0,
"grip": [
0,
0.6803519062,
0,
0
],
"id": 15599,
"pose": [
[
0,
0,
0
],
[
0,
0,
0
],
[
0,
0,
0
],
[
0,
0,
0
],
[
0,
0,
0
],
[
0,
0,
0
],
[
0,
0,
0
],
[
0,
0,
0
],
[
0.4285791666666667,
0.2066138888888889,
0.758459
],
[
0.4760416666666667,
0.4920611111111111,
0.835748
],
[
0.5235888888888889,
0.7773625000000001,
0.79845
],
[
0.5952347222222223,
0.15900694444444444,
0.826044
],
[
0.6667972222222223,
0.4127888888888889,
0.859458
],
[
0.7217374999999999,
0.6110152777777778,
0.827089
],
[
0,
0,
0
],
[
0,
0,
0
],
[
0,
0,
0
],
[
0,
0,
0
]
],
"timestamp": "Wed, 14 Mar 2018 09:59:57 GMT"
},
{
"distance": 0,
"grip": [
0,
0.6813294233,
0,
0
],
"id": 15600,
"pose": [
[
0,
0,
0
],
[
0,
0,
0
],
[
0,
0,
0
],
[
0,
0,
0
],
[
0,
0,
0
],
[
0,
0,
0
],
[
0,
0,
0
],
[
0,
0,
0
],
[
0.4209513888888889,
0.20654722222222222,
0.753585
],
[
0.4758902777777778,
0.4922166666666667,
0.86025
],
[
0.5156263888888889,
0.7616041666666667,
0.744477
],
[
0.595101388888889,
0.1590277777777778,
0.825224
],
[
0.6664375,
0.4131402777777778,
0.878568
],
[
0.7138652777777778,
0.6346361111111111,
0.793862
],
[
0,
0,
0
],
[
0,
0,
0
],
[
0,
0,
0
],
[
0,
0,
0
]
],
"timestamp": "Wed, 14 Mar 2018 09:59:57 GMT"
},
{
"distance": 418.88,
"grip": [
0,
0.6676441838,
0,
0
],
"id": 15601,
"pose": [
[
0,
0,
0
],
[
0,
0,
0
],
[
0,
0,
0
],
[
0,
0,
0
],
[
0,
0,
0
],
[
0,
0,
0
],
[
0,
0,
0
],
[
0,
0,
0
],
[
0.4206708333333333,
0.1910361111111111,
0.749102
],
[
0.46837222222222225,
0.48406944444444444,
0.887579
],
[
0.49997222222222226,
0.7299111111111111,
0.76144
],
[
0.5950305555555556,
0.1589486111111111,
0.823542
],
[
0.6587458333333334,
0.42094722222222225,
0.852514
],
[
0.6981083333333333,
0.6427291666666667,
0.778691
],
[
0,
0,
0
],
[
0,
0,
0
],
[
0,
0,
0
],
[
0,
0,
0
]
],
"timestamp": "Wed, 14 Mar 2018 09:59:57 GMT"
},
{
"distance": 523.6,
"grip": [
0,
0.5894428152,
0,
0
],
"id": 15602,
"pose": [
[
0,
0,
0
],
[
0,
0,
0
],
[
0,
0,
0
],
[
0,
0,
0
],
[
0,
0,
0
],
[
0,
0,
0
],
[
0,
0,
0
],
[
0,
0,
0
],
[
0.41310555555555556,
0.19093333333333334,
0.759423
],
[
0.4681902777777778,
0.4763652777777778,
0.894445
],
[
0.5077875000000001,
0.7299638888888889,
0.761383
],
[
0.5948819444444444,
0.15893472222222224,
0.809066
],
[
0.6507402777777779,
0.4367125,
0.82675
],
[
0.6669013888888888,
0.6663402777777778,
0.844322
],
[
0,
0,
0
],
[
0,
0,
0
],
[
0,
0,
0
],
[
0,
0,
0
]
],
"timestamp": "Wed, 14 Mar 2018 09:59:57 GMT"
},
{
"distance": 0,
"grip": [
0,
0.6031280547,
0,
0
],
"id": 15603,
"pose": [
[
0,
0,
0
],
[
0,
0,
0
],
[
0,
0,
0
],
[
0,
0,
0
],
[
0,
0,
0
],
[
0,
0,
0
],
[
0,
0,
0
],
[
0,
0,
0
],
[
0.42070972222222225,
0.19100833333333336,
0.744612
],
[
0.46818055555555554,
0.4765680555555556,
0.895259
],
[
0.5156805555555556,
0.7377597222222223,
0.789539
],
[
0.59505,
0.15916111111111111,
0.82242
],
[
0.6426152777777778,
0.4679,
0.839849
],
[
0.6587277777777778,
0.6821763888888889,
0.79435
],
[
0,
0,
0
],
[
0,
0,
0
],
[
0,
0,
0
],
[
0,
0,
0
]
],
"timestamp": "Wed, 14 Mar 2018 09:59:57 GMT"
},
{
"distance": 0,
"grip": [
0,
0.5796676442,
0,
0
],
"id": 15604,
"pose": [
[
0,
0,
0
],
[
0,
0,
0
],
[
0,
0,
0
],
[
0,
0,
0
],
[
0,
0,
0
],
[
0,
0,
0
],
[
0,
0,
0
],
[
0,
0,
0
],
[
0.41325000000000006,
0.1988513888888889,
0.750749
],
[
0.4681180555555556,
0.4840430555555556,
0.889573
],
[
0.5158902777777777,
0.7378791666666668,
0.799527
],
[
0.5950041666666667,
0.16715555555555556,
0.811531
],
[
0.6111166666666668,
0.4763263888888889,
0.88051
],
[
0.6425861111111111,
0.7298527777777778,
0.778767
],
[
0,
0,
0
],
[
0,
0,
0
],
[
0,
0,
0
],
[
0,
0,
0
]
],
"timestamp": "Wed, 14 Mar 2018 09:59:57 GMT"
},
{
"distance": 0,
"grip": [
0,
0.4838709677,
0,
0
],
"id": 15605,
"pose": [
[
0,
0,
0
],
[
0,
0,
0
],
[
0,
0,
0
],
[
0,
0,
0
],
[
0,
0,
0
],
[
0,
0,
0
],
[
0,
0,
0
],
[
0,
0,
0
],
[
0.41328194444444444,
0.20659722222222224,
0.750159
],
[
0.4680277777777778,
0.48415277777777777,
0.853188
],
[
0.5159194444444445,
0.7220222222222222,
0.829758
],
[
0.5950722222222222,
0.1831138888888889,
0.79592
],
[
0.6032111111111111,
0.49215694444444447,
0.846172
],
[
0.6032986111111112,
0.7378694444444445,
0.797966
],
[
0,
0,
0
],
[
0,
0,
0
],
[
0,
0,
0
],
[
0,
0,
0
]
],
"timestamp": "Wed, 14 Mar 2018 09:59:57 GMT"
},
{
"distance": 418.88,
"grip": [
0,
0.3958944282,
0,
0
],
"id": 15606,
"pose": [
[
0,
0,
0
],
[
0,
0,
0
],
[
0,
0,
0
],
[
0,
0,
0
],
[
0,
0,
0
],
[
0,
0,
0
],
[
0,
0,
0
],
[
0,
0,
0
],
[
0.42101250000000007,
0.2067888888888889,
0.741664
],
[
0.4679861111111111,
0.48430000000000006,
0.822348
],
[
0.5235819444444444,
0.7139958333333334,
0.778685
],
[
0.5954930555555555,
0.19884166666666667,
0.788867
],
[
0.6027,
0.5159736111111111,
0.838969
],
[
0.5952722222222222,
0.7694166666666667,
0.723946
],
[
0,
0,
0
],
[
0,
0,
0
],
[
0,
0,
0
],
[
0,
0,
0
]
],
"timestamp": "Wed, 14 Mar 2018 09:59:57 GMT"
},
{
"distance": 314.16,
"grip": [
0,
0.2600195503,
0,
0
],
"id": 15607,
"pose": [
[
0,
0,
0
],
[
0,
0,
0
],
[
0,
0,
0
],
[
0,
0,
0
],
[
0,
0,
0
],
[
0,
0,
0
],
[
0,
0,
0
],
[
0,
0,
0
],
[
0.42085833333333333,
0.21453472222222222,
0.731193
],
[
0.4682,
0.5079374999999999,
0.774741
],
[
0.5315722222222223,
0.7297333333333333,
0.691443
],
[
0.5952319444444445,
0.2144791666666667,
0.795467
],
[
0.5949458333333334,
0.5319916666666666,
0.851206
],
[
0.5714125,
0.7853944444444445,
0.714611
],
[
0,
0,
0
],
[
0,
0,
0
],
[
0,
0,
0
],
[
0,
0,
0
]
],
"timestamp": "Wed, 14 Mar 2018 09:59:57 GMT"
}
]
